<TICKER>,<PER>,<DATE>,<TIME>,<CLOSE>
BTC-USD,1,20180620,000100,6694.9400000
BTC-USD,1,20180620,000200,6692.7500000
BTC-USD,1,20180620,000300,6694.9400000
BTC-USD,1,20180620,000400,6694.9900000
BTC-USD,1,20180620,000500,6697.8500000
BTC-USD,1,20180620,000600,6697.8400000
BTC-USD,1,20180620,000700,6697.8500000
BTC-USD,1,20180620,000800,6697.8500000
BTC-USD,1,20180620,000900,6700.0000000
BTC-USD,1,20180620,001000,6700.0000000
BTC-USD,1,20180620,001100,6701.8500000
BTC-USD,1,20180620,001200,6704.6900000
BTC-USD,1,20180620,001300,6704.7000000
BTC-USD,1,20180620,001400,6704.7000000
BTC-USD,1,20180620,001500,6707.4200000
BTC-USD,1,20180620,001600,6708.0000000
BTC-USD,1,20180620,001700,6707.9900000
BTC-USD,1,20180620,001800,6708.0000000
BTC-USD,1,20180620,001900,6707.9900000
BTC-USD,1,20180620,002000,6707.9900000
BTC-USD,1,20180620,002100,6704.7400000
BTC-USD,1,20180620,002200,6704.6900000
BTC-USD,1,20180620,002300,6706.7200000
BTC-USD,1,20180620,002400,6705.9800000
BTC-USD,1,20180620,002500,6705.0000000
BTC-USD,1,20180620,002600,6705.6000000
BTC-USD,1,20180620,002700,6706.8000000
BTC-USD,1,20180620,002800,6707.0800000
BTC-USD,1,20180620,002900,6709.9900000
BTC-USD,1,20180620,003000,6708.5400000
BTC-USD,1,20180620,003100,6710.0000000
BTC-USD,1,20180620,003200,6710.0000000
BTC-USD,1,20180620,003300,6709.9900000
BTC-USD,1,20180620,003400,6710.0000000
BTC-USD,1,20180620,003500,6709.9900000
BTC-USD,1,20180620,003600,6711.4200000
BTC-USD,1,20180620,003700,6714.2900000
BTC-USD,1,20180620,003800,6714.2900000
BTC-USD,1,20180620,003900,6716.5100000
BTC-USD,1,20180620,004000,6716.5100000
BTC-USD,1,20180620,004100,6715.0000000
BTC-USD,1,20180620,004200,6717.1700000
BTC-USD,1,20180620,004300,6724.4600000
BTC-USD,1,20180620,004400,6723.8100000
BTC-USD,1,20180620,004500,6723.7600000
BTC-USD,1,20180620,004600,6721.8900000
BTC-USD,1,20180620,004700,6720.3200000
BTC-USD,1,20180620,004800,6713.9200000
BTC-USD,1,20180620,004900,6717.0100000
BTC-USD,1,20180620,005000,6720.0000000
BTC-USD,1,20180620,005100,6717.5600000
BTC-USD,1,20180620,005200,6714.9900000
BTC-USD,1,20180620,005300,6710.0000000
BTC-USD,1,20180620,005400,6713.2000000
BTC-USD,1,20180620,005500,6712.1800000
BTC-USD,1,20180620,005600,6712.1800000
BTC-USD,1,20180620,005700,6712.1900000
BTC-USD,1,20180620,005800,6712.1900000
BTC-USD,1,20180620,005900,6717.2700000
BTC-USD,1,20180620,010000,6717.0000000
BTC-USD,1,20180620,010100,6717.0000000
BTC-USD,1,20180620,010200,6717.0100000
BTC-USD,1,20180620,010300,6717.0000000
BTC-USD,1,20180620,010400,6717.0000000
BTC-USD,1,20180620,010500,6719.5900000
BTC-USD,1,20180620,010600,6717.0000000
BTC-USD,1,20180620,010700,6717.0100000
BTC-USD,1,20180620,010800,6717.0100000
BTC-USD,1,20180620,010900,6717.0000000
BTC-USD,1,20180620,011000,6713.6200000
BTC-USD,1,20180620,011100,6715.7900000
BTC-USD,1,20180620,011200,6710.1900000
BTC-USD,1,20180620,011300,6711.7500000
BTC-USD,1,20180620,011400,6710.0000000
BTC-USD,1,20180620,011500,6707.8900000
BTC-USD,1,20180620,011600,6705.2600000
BTC-USD,1,20180620,011700,6705.0700000
BTC-USD,1,20180620,011800,6705.1000000
BTC-USD,1,20180620,011900,6711.8300000
BTC-USD,1,20180620,012000,6708.3900000
BTC-USD,1,20180620,012100,6711.8800000
BTC-USD,1,20180620,012200,6711.8800000
BTC-USD,1,20180620,012300,6714.0100000
BTC-USD,1,20180620,012400,6714.0100000
BTC-USD,1,20180620,012500,6710.6300000
BTC-USD,1,20180620,012600,6712.5300000
BTC-USD,1,20180620,012700,6711.7300000
BTC-USD,1,20180620,012800,6711.7300000
BTC-USD,1,20180620,012900,6707.6800000
BTC-USD,1,20180620,013000,6711.7200000
BTC-USD,1,20180620,013100,6711.7000000
BTC-USD,1,20180620,013200,6711.7300000
BTC-USD,1,20180620,013300,6728.4400000
BTC-USD,1,20180620,013400,6730.0000000
BTC-USD,1,20180620,013500,6730.0000000
BTC-USD,1,20180620,013600,6726.7800000
BTC-USD,1,20180620,013700,6730.0000000
BTC-USD,1,20180620,013800,6730.0000000
BTC-USD,1,20180620,013900,6729.9500000
BTC-USD,1,20180620,014000,6729.9400000
BTC-USD,1,20180620,014100,6729.9400000
BTC-USD,1,20180620,014200,6729.1200000
BTC-USD,1,20180620,014300,6725.0100000
BTC-USD,1,20180620,014400,6725.0100000
BTC-USD,1,20180620,014500,6725.0000000
BTC-USD,1,20180620,014600,6725.0100000
BTC-USD,1,20180620,014700,6725.0100000
BTC-USD,1,20180620,014800,6725.0100000
BTC-USD,1,20180620,014900,6725.0100000
BTC-USD,1,20180620,015000,6728.9700000
BTC-USD,1,20180620,015100,6728.0100000
BTC-USD,1,20180620,015200,6727.9500000
BTC-USD,1,20180620,015300,6725.0100000
BTC-USD,1,20180620,015400,6722.0800000
BTC-USD,1,20180620,015500,6724.1800000
BTC-USD,1,20180620,015600,6725.0000000
BTC-USD,1,20180620,015700,6724.9900000
BTC-USD,1,20180620,015800,6724.9400000
BTC-USD,1,20180620,015900,6724.9400000
BTC-USD,1,20180620,020000,6724.9400000
BTC-USD,1,20180620,020100,6726.4500000
BTC-USD,1,20180620,020200,6726.0100000
BTC-USD,1,20180620,020300,6725.9800000
BTC-USD,1,20180620,020400,6723.0200000
BTC-USD,1,20180620,020500,6725.9700000
BTC-USD,1,20180620,020600,6726.9400000
BTC-USD,1,20180620,020700,6723.0000000
BTC-USD,1,20180620,020800,6723.0000000
BTC-USD,1,20180620,020900,6717.0100000
BTC-USD,1,20180620,021000,6719.7400000
BTC-USD,1,20180620,021100,6723.0000000
BTC-USD,1,20180620,021200,6719.7300000
BTC-USD,1,20180620,021300,6719.7400000
BTC-USD,1,20180620,021400,6717.0000000
BTC-USD,1,20180620,021500,6717.0100000
BTC-USD,1,20180620,021600,6717.0100000
BTC-USD,1,20180620,021700,6717.0100000
BTC-USD,1,20180620,021800,6717.0100000
BTC-USD,1,20180620,021900,6717.0000000
BTC-USD,1,20180620,022000,6717.0000000
BTC-USD,1,20180620,022100,6723.0000000
BTC-USD,1,20180620,022200,6722.9900000
BTC-USD,1,20180620,022300,6723.0000000
BTC-USD,1,20180620,022400,6723.0000000
BTC-USD,1,20180620,022500,6722.9900000
BTC-USD,1,20180620,022600,6723.0000000
BTC-USD,1,20180620,022700,6727.0000000
BTC-USD,1,20180620,022800,6729.9800000
BTC-USD,1,20180620,022900,6729.9900000
BTC-USD,1,20180620,023000,6728.4200000
BTC-USD,1,20180620,023100,6730.1600000
BTC-USD,1,20180620,023200,6731.9400000
BTC-USD,1,20180620,023300,6729.6900000
BTC-USD,1,20180620,023400,6729.0100000
BTC-USD,1,20180620,023500,6727.0300000
BTC-USD,1,20180620,023600,6728.2300000
BTC-USD,1,20180620,023700,6726.2300000
BTC-USD,1,20180620,023800,6726.2300000
BTC-USD,1,20180620,023900,6726.2400000
BTC-USD,1,20180620,024000,6727.1900000
BTC-USD,1,20180620,024100,6730.1400000
BTC-USD,1,20180620,024200,6730.2000000
BTC-USD,1,20180620,024300,6727.1900000
BTC-USD,1,20180620,024400,6730.9100000
BTC-USD,1,20180620,024500,6731.3100000
BTC-USD,1,20180620,024600,6737.7800000
BTC-USD,1,20180620,024700,6734.1600000
BTC-USD,1,20180620,024800,6734.1700000
BTC-USD,1,20180620,024900,6730.5200000
BTC-USD,1,20180620,025000,6737.7800000
BTC-USD,1,20180620,025100,6737.7800000
BTC-USD,1,20180620,025200,6739.9900000
BTC-USD,1,20180620,025300,6739.9900000
BTC-USD,1,20180620,025400,6739.9800000
BTC-USD,1,20180620,025500,6739.9900000
BTC-USD,1,20180620,025600,6739.9900000
BTC-USD,1,20180620,025700,6743.2200000
BTC-USD,1,20180620,025800,6743.2100000
BTC-USD,1,20180620,025900,6739.9900000
BTC-USD,1,20180620,030000,6736.4100000
BTC-USD,1,20180620,030100,6734.2200000
BTC-USD,1,20180620,030200,6733.3500000
BTC-USD,1,20180620,030300,6733.3700000
BTC-USD,1,20180620,030400,6737.8900000
BTC-USD,1,20180620,030500,6737.9000000
BTC-USD,1,20180620,030600,6737.9000000
BTC-USD,1,20180620,030700,6739.3200000
BTC-USD,1,20180620,030800,6736.4100000
BTC-USD,1,20180620,030900,6736.4000000
BTC-USD,1,20180620,031000,6736.4100000
BTC-USD,1,20180620,031100,6740.1600000
BTC-USD,1,20180620,031200,6736.4100000
BTC-USD,1,20180620,031300,6736.4000000
BTC-USD,1,20180620,031400,6736.0000000
BTC-USD,1,20180620,031500,6736.0100000
BTC-USD,1,20180620,031600,6739.2200000
BTC-USD,1,20180620,031700,6736.3000000
BTC-USD,1,20180620,031800,6736.2700000
BTC-USD,1,20180620,031900,6736.2700000
BTC-USD,1,20180620,032000,6736.4000000
BTC-USD,1,20180620,032100,6735.6900000
BTC-USD,1,20180620,032200,6721.9000000
BTC-USD,1,20180620,032300,6721.9000000
BTC-USD,1,20180620,032400,6721.9000000
BTC-USD,1,20180620,032500,6720.2300000
BTC-USD,1,20180620,032600,6726.4600000
BTC-USD,1,20180620,032700,6723.5900000
BTC-USD,1,20180620,032800,6723.5900000
BTC-USD,1,20180620,032900,6725.4400000
BTC-USD,1,20180620,033000,6721.0800000
BTC-USD,1,20180620,033100,6721.0800000
BTC-USD,1,20180620,033200,6721.0700000
BTC-USD,1,20180620,033300,6721.0700000
BTC-USD,1,20180620,033400,6719.9700000
BTC-USD,1,20180620,033500,6719.9700000
BTC-USD,1,20180620,033600,6719.9800000
BTC-USD,1,20180620,033700,6716.5100000
BTC-USD,1,20180620,033800,6716.5100000
BTC-USD,1,20180620,033900,6715.3600000
BTC-USD,1,20180620,034000,6707.4800000
BTC-USD,1,20180620,034100,6715.3700000
BTC-USD,1,20180620,034200,6715.3700000
BTC-USD,1,20180620,034300,6715.3600000
BTC-USD,1,20180620,034400,6715.9900000
BTC-USD,1,20180620,034500,6716.0000000
BTC-USD,1,20180620,034600,6716.0000000
BTC-USD,1,20180620,034700,6718.0000000
BTC-USD,1,20180620,034800,6718.0000000
BTC-USD,1,20180620,034900,6717.9900000
BTC-USD,1,20180620,035000,6718.0000000
BTC-USD,1,20180620,035100,6712.0400000
BTC-USD,1,20180620,035200,6699.9600000
BTC-USD,1,20180620,035300,6697.5400000
BTC-USD,1,20180620,035400,6686.9400000
BTC-USD,1,20180620,035500,6686.9400000
BTC-USD,1,20180620,035600,6690.1900000
BTC-USD,1,20180620,035700,6690.4000000
BTC-USD,1,20180620,035800,6677.5400000
BTC-USD,1,20180620,035900,6678.2100000
BTC-USD,1,20180620,040000,6670.2000000
BTC-USD,1,20180620,040100,6670.2000000
BTC-USD,1,20180620,040200,6614.9900000
BTC-USD,1,20180620,040300,6630.1100000
BTC-USD,1,20180620,040400,6625.0100000
BTC-USD,1,20180620,040500,6630.1700000
BTC-USD,1,20180620,040600,6627.7800000
BTC-USD,1,20180620,040700,6590.0000000
BTC-USD,1,20180620,040800,6593.2900000
BTC-USD,1,20180620,040900,6591.2100000
BTC-USD,1,20180620,041000,6596.3300000
BTC-USD,1,20180620,041100,6600.0000000
BTC-USD,1,20180620,041200,6590.7500000
BTC-USD,1,20180620,041300,6592.7200000
BTC-USD,1,20180620,041400,6592.7100000
BTC-USD,1,20180620,041500,6590.0000000
BTC-USD,1,20180620,041600,6562.5000000
BTC-USD,1,20180620,041700,6560.5300000
BTC-USD,1,20180620,041800,6569.4800000
BTC-USD,1,20180620,041900,6567.7600000
BTC-USD,1,20180620,042000,6557.6700000
BTC-USD,1,20180620,042100,6559.9900000
BTC-USD,1,20180620,042200,6584.9900000
BTC-USD,1,20180620,042300,6585.2500000
BTC-USD,1,20180620,042400,6588.4900000
BTC-USD,1,20180620,042500,6589.1800000
BTC-USD,1,20180620,042600,6588.3300000
BTC-USD,1,20180620,042700,6585.0000000
BTC-USD,1,20180620,042800,6578.1000000
BTC-USD,1,20180620,042900,6578.1000000
BTC-USD,1,20180620,043000,6580.0000000
BTC-USD,1,20180620,043100,6579.8400000
BTC-USD,1,20180620,043200,6584.9900000
BTC-USD,1,20180620,043300,6585.9900000
BTC-USD,1,20180620,043400,6590.0000000
BTC-USD,1,20180620,043500,6590.0000000
BTC-USD,1,20180620,043600,6589.0100000
BTC-USD,1,20180620,043700,6589.0000000
BTC-USD,1,20180620,043800,6595.0000000
BTC-USD,1,20180620,043900,6594.0100000
BTC-USD,1,20180620,044000,6599.9900000
BTC-USD,1,20180620,044100,6600.0000000
BTC-USD,1,20180620,044200,6596.3600000
BTC-USD,1,20180620,044300,6596.3500000
BTC-USD,1,20180620,044400,6596.0000000
BTC-USD,1,20180620,044500,6596.3500000
BTC-USD,1,20180620,044600,6596.0100000
BTC-USD,1,20180620,044700,6596.0100000
BTC-USD,1,20180620,044800,6594.9700000
BTC-USD,1,20180620,044900,6594.9700000
BTC-USD,1,20180620,045000,6596.0100000
BTC-USD,1,20180620,045100,6600.9900000
BTC-USD,1,20180620,045200,6598.0000000
BTC-USD,1,20180620,045300,6601.5600000
BTC-USD,1,20180620,045400,6603.3800000
BTC-USD,1,20180620,045500,6605.0000000
BTC-USD,1,20180620,045600,6621.6400000
BTC-USD,1,20180620,045700,6621.1900000
BTC-USD,1,20180620,045800,6624.9900000
BTC-USD,1,20180620,045900,6625.0000000
BTC-USD,1,20180620,050000,6624.9900000
BTC-USD,1,20180620,050100,6622.0000000
BTC-USD,1,20180620,050200,6618.2700000
BTC-USD,1,20180620,050300,6611.8600000
BTC-USD,1,20180620,050400,6611.8600000
BTC-USD,1,20180620,050500,6601.0000000
BTC-USD,1,20180620,050600,6600.0600000
BTC-USD,1,20180620,050700,6600.0600000
BTC-USD,1,20180620,050800,6600.0600000
BTC-USD,1,20180620,050900,6600.7800000
BTC-USD,1,20180620,051000,6609.2700000
BTC-USD,1,20180620,051100,6609.2600000
BTC-USD,1,20180620,051200,6609.2600000
BTC-USD,1,20180620,051300,6608.6100000
BTC-USD,1,20180620,051400,6609.2600000
BTC-USD,1,20180620,051500,6610.9000000
BTC-USD,1,20180620,051600,6614.2000000
BTC-USD,1,20180620,051700,6614.2000000
BTC-USD,1,20180620,051800,6614.2000000
BTC-USD,1,20180620,051900,6614.2000000
BTC-USD,1,20180620,052000,6614.2000000
BTC-USD,1,20180620,052100,6612.0100000
BTC-USD,1,20180620,052200,6612.0100000
BTC-USD,1,20180620,052300,6612.0000000
BTC-USD,1,20180620,052400,6609.3100000
BTC-USD,1,20180620,052500,6609.3100000
BTC-USD,1,20180620,052600,6600.4300000
BTC-USD,1,20180620,052700,6600.4400000
BTC-USD,1,20180620,052800,6600.4400000
BTC-USD,1,20180620,052900,6600.4400000
BTC-USD,1,20180620,053000,6600.4500000
BTC-USD,1,20180620,053100,6602.0200000
BTC-USD,1,20180620,053200,6602.0100000
BTC-USD,1,20180620,053300,6602.0200000
BTC-USD,1,20180620,053400,6602.0100000
BTC-USD,1,20180620,053500,6602.0200000
BTC-USD,1,20180620,053600,6602.0200000
BTC-USD,1,20180620,053700,6599.5400000
BTC-USD,1,20180620,053800,6599.5400000
BTC-USD,1,20180620,053900,6599.6900000
BTC-USD,1,20180620,054000,6604.0000000
BTC-USD,1,20180620,054100,6604.4400000
BTC-USD,1,20180620,054200,6608.8200000
BTC-USD,1,20180620,054300,6609.8900000
BTC-USD,1,20180620,054400,6609.9000000
BTC-USD,1,20180620,054500,6610.0000000
BTC-USD,1,20180620,054600,6610.0000000
BTC-USD,1,20180620,054700,6609.9900000
BTC-USD,1,20180620,054800,6610.0000000
BTC-USD,1,20180620,054900,6609.9900000
BTC-USD,1,20180620,055000,6610.0000000
BTC-USD,1,20180620,055100,6609.9900000
BTC-USD,1,20180620,055200,6610.0000000
BTC-USD,1,20180620,055300,6609.9900000
BTC-USD,1,20180620,055400,6610.0000000
BTC-USD,1,20180620,055500,6610.0000000
BTC-USD,1,20180620,055600,6610.0000000
BTC-USD,1,20180620,055700,6610.0000000
BTC-USD,1,20180620,055800,6609.9900000
BTC-USD,1,20180620,055900,6610.0000000
BTC-USD,1,20180620,060000,6610.0000000
BTC-USD,1,20180620,060100,6610.0000000
BTC-USD,1,20180620,060200,6610.0000000
BTC-USD,1,20180620,060300,6609.9900000
BTC-USD,1,20180620,060400,6610.0000000
BTC-USD,1,20180620,060500,6611.8300000
BTC-USD,1,20180620,060600,6615.3400000
BTC-USD,1,20180620,060700,6619.5100000
BTC-USD,1,20180620,060800,6620.0000000
BTC-USD,1,20180620,060900,6619.9900000
BTC-USD,1,20180620,061000,6620.5100000
BTC-USD,1,20180620,061100,6620.5000000
BTC-USD,1,20180620,061200,6621.9300000
BTC-USD,1,20180620,061300,6622.8200000
BTC-USD,1,20180620,061400,6621.9200000
BTC-USD,1,20180620,061500,6621.9300000
BTC-USD,1,20180620,061600,6622.8200000
BTC-USD,1,20180620,061700,6622.8200000
BTC-USD,1,20180620,061800,6622.8200000
BTC-USD,1,20180620,061900,6622.8200000
BTC-USD,1,20180620,062000,6622.8200000
BTC-USD,1,20180620,062100,6622.8200000
BTC-USD,1,20180620,062200,6622.8100000
BTC-USD,1,20180620,062300,6622.8200000
BTC-USD,1,20180620,062400,6622.8200000
BTC-USD,1,20180620,062500,6621.9300000
BTC-USD,1,20180620,062600,6621.9200000
BTC-USD,1,20180620,062700,6621.9200000
BTC-USD,1,20180620,062800,6621.9300000
BTC-USD,1,20180620,062900,6621.0100000
BTC-USD,1,20180620,063000,6621.0100000
BTC-USD,1,20180620,063100,6621.0100000
BTC-USD,1,20180620,063200,6621.0000000
BTC-USD,1,20180620,063300,6621.0000000
BTC-USD,1,20180620,063400,6621.0000000
BTC-USD,1,20180620,063500,6621.0100000
BTC-USD,1,20180620,063600,6621.0100000
BTC-USD,1,20180620,063700,6621.0100000
BTC-USD,1,20180620,063800,6621.0100000
BTC-USD,1,20180620,063900,6621.0100000
BTC-USD,1,20180620,064000,6620.5100000
BTC-USD,1,20180620,064100,6620.5100000
BTC-USD,1,20180620,064200,6619.0100000
BTC-USD,1,20180620,064300,6619.0100000
BTC-USD,1,20180620,064400,6619.0100000
BTC-USD,1,20180620,064500,6615.0100000
BTC-USD,1,20180620,064600,6615.0000000
BTC-USD,1,20180620,064700,6615.0100000
BTC-USD,1,20180620,064800,6615.0000000
BTC-USD,1,20180620,064900,6615.0000000
BTC-USD,1,20180620,065000,6615.0100000
BTC-USD,1,20180620,065100,6613.0000000
BTC-USD,1,20180620,065200,6613.0000000
BTC-USD,1,20180620,065300,6613.0100000
BTC-USD,1,20180620,065400,6613.0100000
BTC-USD,1,20180620,065500,6613.0000000
BTC-USD,1,20180620,065600,6613.0100000
BTC-USD,1,20180620,065700,6613.0100000
BTC-USD,1,20180620,065800,6613.0100000
BTC-USD,1,20180620,065900,6613.0100000
BTC-USD,1,20180620,070000,6613.0100000
BTC-USD,1,20180620,070100,6613.0100000
BTC-USD,1,20180620,070200,6613.0100000
BTC-USD,1,20180620,070300,6613.0100000
BTC-USD,1,20180620,070400,6613.0000000
BTC-USD,1,20180620,070500,6613.0100000
BTC-USD,1,20180620,070600,6613.0000000
BTC-USD,1,20180620,070700,6613.0100000
BTC-USD,1,20180620,070800,6613.0100000
BTC-USD,1,20180620,070900,6591.9500000
BTC-USD,1,20180620,071000,6591.9400000
BTC-USD,1,20180620,071100,6597.9100000
BTC-USD,1,20180620,071200,6597.9100000
BTC-USD,1,20180620,071300,6597.9000000
BTC-USD,1,20180620,071400,6597.9100000
BTC-USD,1,20180620,071500,6583.3300000
BTC-USD,1,20180620,071600,6591.1700000
BTC-USD,1,20180620,071700,6591.1700000
BTC-USD,1,20180620,071800,6595.1900000
BTC-USD,1,20180620,071900,6595.2000000
BTC-USD,1,20180620,072000,6596.1500000
BTC-USD,1,20180620,072100,6596.1600000
BTC-USD,1,20180620,072200,6596.7300000
BTC-USD,1,20180620,072300,6596.7300000
BTC-USD,1,20180620,072400,6596.7200000
BTC-USD,1,20180620,072500,6596.7200000
BTC-USD,1,20180620,072600,6596.7300000
BTC-USD,1,20180620,072700,6596.7200000
BTC-USD,1,20180620,072800,6596.7200000
BTC-USD,1,20180620,072900,6596.7200000
BTC-USD,1,20180620,073000,6596.7200000
BTC-USD,1,20180620,073100,6596.7200000
BTC-USD,1,20180620,073200,6596.7300000
BTC-USD,1,20180620,073300,6596.7300000
BTC-USD,1,20180620,073400,6596.7300000
BTC-USD,1,20180620,073500,6596.7200000
BTC-USD,1,20180620,073600,6596.7300000
BTC-USD,1,20180620,073700,6602.4100000
BTC-USD,1,20180620,073800,6609.0800000
BTC-USD,1,20180620,073900,6609.0800000
BTC-USD,1,20180620,074000,6609.0800000
BTC-USD,1,20180620,074100,6609.0900000
BTC-USD,1,20180620,074200,6609.0800000
BTC-USD,1,20180620,074300,6609.0800000
BTC-USD,1,20180620,074400,6609.0900000
BTC-USD,1,20180620,074500,6609.0800000
BTC-USD,1,20180620,074600,6609.0800000
BTC-USD,1,20180620,074700,6608.4300000
BTC-USD,1,20180620,074800,6608.4300000
BTC-USD,1,20180620,074900,6608.4300000
BTC-USD,1,20180620,075000,6607.2700000
BTC-USD,1,20180620,075100,6607.2700000
BTC-USD,1,20180620,075200,6607.2700000
BTC-USD,1,20180620,075300,6607.2600000
BTC-USD,1,20180620,075400,6607.2700000
BTC-USD,1,20180620,075500,6607.2700000
BTC-USD,1,20180620,075600,6607.2600000
BTC-USD,1,20180620,075700,6607.2700000
BTC-USD,1,20180620,075800,6607.2600000
BTC-USD,1,20180620,075900,6607.2700000
BTC-USD,1,20180620,080000,6602.6400000
BTC-USD,1,20180620,080100,6602.6300000
BTC-USD,1,20180620,080200,6602.6400000
BTC-USD,1,20180620,080300,6602.6400000
BTC-USD,1,20180620,080400,6605.1400000
BTC-USD,1,20180620,080500,6608.5300000
BTC-USD,1,20180620,080600,6609.9900000
BTC-USD,1,20180620,080700,6610.0000000
BTC-USD,1,20180620,080800,6610.0000000
BTC-USD,1,20180620,080900,6609.9900000
BTC-USD,1,20180620,081000,6610.0000000
BTC-USD,1,20180620,081100,6610.0000000
BTC-USD,1,20180620,081200,6610.0000000
BTC-USD,1,20180620,081300,6609.0100000
BTC-USD,1,20180620,081400,6609.0100000
BTC-USD,1,20180620,081500,6603.9600000
BTC-USD,1,20180620,081600,6596.1900000
BTC-USD,1,20180620,081700,6599.2100000
BTC-USD,1,20180620,081800,6599.2100000
BTC-USD,1,20180620,081900,6599.2100000
BTC-USD,1,20180620,082000,6599.2100000
BTC-USD,1,20180620,082100,6599.2000000
BTC-USD,1,20180620,082200,6599.2000000
BTC-USD,1,20180620,082300,6599.2000000
BTC-USD,1,20180620,082400,6599.2100000
BTC-USD,1,20180620,082500,6611.8300000
BTC-USD,1,20180620,082600,6609.0600000
BTC-USD,1,20180620,082700,6609.0600000
BTC-USD,1,20180620,082800,6609.0600000
BTC-USD,1,20180620,082900,6609.0600000
BTC-USD,1,20180620,083000,6609.0500000
BTC-USD,1,20180620,083100,6609.0600000
BTC-USD,1,20180620,083200,6609.0500000
BTC-USD,1,20180620,083300,6607.1600000
BTC-USD,1,20180620,083400,6607.1600000
BTC-USD,1,20180620,083500,6605.0000000
BTC-USD,1,20180620,083600,6602.4500000
BTC-USD,1,20180620,083700,6602.4500000
BTC-USD,1,20180620,083800,6602.4500000
BTC-USD,1,20180620,083900,6602.4400000
BTC-USD,1,20180620,084000,6602.5000000
BTC-USD,1,20180620,084100,6602.4900000
BTC-USD,1,20180620,084200,6602.5000000
BTC-USD,1,20180620,084300,6602.5000000
BTC-USD,1,20180620,084400,6602.5000000
BTC-USD,1,20180620,084500,6602.5100000
BTC-USD,1,20180620,084600,6602.5100000
BTC-USD,1,20180620,084700,6602.5100000
BTC-USD,1,20180620,084800,6602.7300000
BTC-USD,1,20180620,084900,6602.7400000
BTC-USD,1,20180620,085000,6602.7500000
BTC-USD,1,20180620,085100,6602.7200000
BTC-USD,1,20180620,085200,6602.7300000
BTC-USD,1,20180620,085300,6599.9800000
BTC-USD,1,20180620,085400,6602.7300000
BTC-USD,1,20180620,085500,6599.9900000
BTC-USD,1,20180620,085600,6602.7300000
BTC-USD,1,20180620,085700,6599.9900000
BTC-USD,1,20180620,085800,6599.9900000
BTC-USD,1,20180620,085900,6599.9800000
BTC-USD,1,20180620,090000,6599.9800000
BTC-USD,1,20180620,090100,6599.9800000
BTC-USD,1,20180620,090200,6599.9900000
BTC-USD,1,20180620,090300,6599.9800000
BTC-USD,1,20180620,090400,6595.8000000
BTC-USD,1,20180620,090500,6597.4400000
BTC-USD,1,20180620,090600,6599.0000000
BTC-USD,1,20180620,090700,6599.0100000
BTC-USD,1,20180620,090800,6599.0400000
BTC-USD,1,20180620,090900,6599.0300000
BTC-USD,1,20180620,091000,6600.0000000
BTC-USD,1,20180620,091100,6602.7500000
BTC-USD,1,20180620,091200,6609.4100000
BTC-USD,1,20180620,091300,6609.4100000
BTC-USD,1,20180620,091400,6610.0000000
BTC-USD,1,20180620,091500,6611.9900000
BTC-USD,1,20180620,091600,6610.2900000
BTC-USD,1,20180620,091700,6613.0400000
BTC-USD,1,20180620,091800,6613.0400000
BTC-USD,1,20180620,091900,6612.4700000
BTC-USD,1,20180620,092000,6611.0600000
BTC-USD,1,20180620,092100,6611.0500000
BTC-USD,1,20180620,092200,6611.0600000
BTC-USD,1,20180620,092300,6611.0100000
BTC-USD,1,20180620,092400,6611.0600000
BTC-USD,1,20180620,092500,6611.8000000
BTC-USD,1,20180620,092600,6611.7900000
BTC-USD,1,20180620,092700,6611.7900000
BTC-USD,1,20180620,092800,6611.7900000
BTC-USD,1,20180620,092900,6613.1000000
BTC-USD,1,20180620,093000,6615.2200000
BTC-USD,1,20180620,093100,6613.1000000
BTC-USD,1,20180620,093200,6613.1000000
BTC-USD,1,20180620,093300,6613.1000000
BTC-USD,1,20180620,093400,6613.1000000
BTC-USD,1,20180620,093500,6613.0900000
BTC-USD,1,20180620,093600,6610.2400000
BTC-USD,1,20180620,093700,6610.2400000
BTC-USD,1,20180620,093800,6610.2400000
BTC-USD,1,20180620,093900,6610.2400000
BTC-USD,1,20180620,094000,6610.2300000
BTC-USD,1,20180620,094100,6610.2400000
BTC-USD,1,20180620,094200,6610.2400000
BTC-USD,1,20180620,094300,6610.2400000
BTC-USD,1,20180620,094400,6610.2400000
BTC-USD,1,20180620,094500,6610.2300000
BTC-USD,1,20180620,094600,6613.0000000
BTC-USD,1,20180620,094700,6618.5300000
BTC-USD,1,20180620,094800,6620.0000000
BTC-USD,1,20180620,094900,6619.9900000
BTC-USD,1,20180620,095000,6619.9900000
BTC-USD,1,20180620,095100,6621.7900000
BTC-USD,1,20180620,095200,6621.8000000
BTC-USD,1,20180620,095300,6625.0000000
BTC-USD,1,20180620,095400,6638.4000000
BTC-USD,1,20180620,095500,6625.2800000
BTC-USD,1,20180620,095600,6630.8800000
BTC-USD,1,20180620,095700,6625.0100000
BTC-USD,1,20180620,095800,6624.7300000
BTC-USD,1,20180620,095900,6624.7200000
BTC-USD,1,20180620,100000,6624.7300000
BTC-USD,1,20180620,100100,6630.7700000
BTC-USD,1,20180620,100200,6627.1800000
BTC-USD,1,20180620,100300,6626.4900000
BTC-USD,1,20180620,100400,6629.6900000
BTC-USD,1,20180620,100500,6629.6900000
BTC-USD,1,20180620,100600,6629.7000000
BTC-USD,1,20180620,100700,6629.8200000
BTC-USD,1,20180620,100800,6634.7900000
BTC-USD,1,20180620,100900,6634.3400000
BTC-USD,1,20180620,101000,6627.6800000
BTC-USD,1,20180620,101100,6627.1800000
BTC-USD,1,20180620,101200,6622.9300000
BTC-USD,1,20180620,101300,6622.9300000
BTC-USD,1,20180620,101400,6622.9200000
BTC-USD,1,20180620,101500,6622.9200000
BTC-USD,1,20180620,101600,6622.9300000
BTC-USD,1,20180620,101700,6629.0600000
BTC-USD,1,20180620,101800,6630.0400000
BTC-USD,1,20180620,101900,6625.0400000
BTC-USD,1,20180620,102000,6625.0400000
BTC-USD,1,20180620,102100,6622.9300000
BTC-USD,1,20180620,102200,6622.0000000
BTC-USD,1,20180620,102300,6620.4900000
BTC-USD,1,20180620,102400,6620.4900000
BTC-USD,1,20180620,102500,6620.5000000
BTC-USD,1,20180620,102600,6618.2200000
BTC-USD,1,20180620,102700,6618.2200000
BTC-USD,1,20180620,102800,6618.2100000
BTC-USD,1,20180620,102900,6618.2200000
BTC-USD,1,20180620,103000,6618.2100000
BTC-USD,1,20180620,103100,6618.2200000
BTC-USD,1,20180620,103200,6618.2200000
BTC-USD,1,20180620,103300,6618.2200000
BTC-USD,1,20180620,103400,6618.2200000
BTC-USD,1,20180620,103500,6618.2200000
BTC-USD,1,20180620,103600,6620.7800000
BTC-USD,1,20180620,103700,6618.2100000
BTC-USD,1,20180620,103800,6618.2100000
BTC-USD,1,20180620,103900,6618.2200000
BTC-USD,1,20180620,104000,6618.2100000
BTC-USD,1,20180620,104100,6618.2200000
BTC-USD,1,20180620,104200,6618.2200000
BTC-USD,1,20180620,104300,6618.2200000
BTC-USD,1,20180620,104400,6622.9100000
BTC-USD,1,20180620,104500,6625.0600000
BTC-USD,1,20180620,104600,6625.0600000
BTC-USD,1,20180620,104700,6625.0500000
BTC-USD,1,20180620,104800,6625.0600000
BTC-USD,1,20180620,104900,6625.0500000
BTC-USD,1,20180620,105000,6625.0600000
BTC-USD,1,20180620,105100,6625.0600000
BTC-USD,1,20180620,105200,6625.0600000
BTC-USD,1,20180620,105300,6627.6800000
BTC-USD,1,20180620,105400,6627.7700000
BTC-USD,1,20180620,105500,6627.7700000
BTC-USD,1,20180620,105600,6627.7700000
BTC-USD,1,20180620,105700,6627.7700000
BTC-USD,1,20180620,105800,6627.7700000
BTC-USD,1,20180620,105900,6627.7700000
BTC-USD,1,20180620,110000,6627.7700000
BTC-USD,1,20180620,110100,6627.7700000
BTC-USD,1,20180620,110200,6627.8400000
BTC-USD,1,20180620,110300,6629.9000000
BTC-USD,1,20180620,110400,6629.8900000
BTC-USD,1,20180620,110500,6632.3500000
BTC-USD,1,20180620,110600,6632.3500000
BTC-USD,1,20180620,110700,6632.3600000
BTC-USD,1,20180620,110800,6632.3600000
BTC-USD,1,20180620,110900,6629.0100000
BTC-USD,1,20180620,111000,6629.0000000
BTC-USD,1,20180620,111100,6629.0000000
BTC-USD,1,20180620,111200,6629.0000000
BTC-USD,1,20180620,111300,6629.0000000
BTC-USD,1,20180620,111400,6629.0100000
BTC-USD,1,20180620,111500,6629.0100000
BTC-USD,1,20180620,111600,6629.0100000
BTC-USD,1,20180620,111700,6632.7600000
BTC-USD,1,20180620,111800,6635.0400000
BTC-USD,1,20180620,111900,6635.0400000
BTC-USD,1,20180620,112000,6635.0300000
BTC-USD,1,20180620,112100,6635.0400000
BTC-USD,1,20180620,112200,6635.0300000
BTC-USD,1,20180620,112300,6635.0400000
BTC-USD,1,20180620,112400,6629.2200000
BTC-USD,1,20180620,112500,6629.2300000
BTC-USD,1,20180620,112600,6629.7300000
BTC-USD,1,20180620,112700,6629.7300000
BTC-USD,1,20180620,112800,6629.7300000
BTC-USD,1,20180620,112900,6630.8200000
BTC-USD,1,20180620,113000,6630.8300000
BTC-USD,1,20180620,113100,6632.9900000
BTC-USD,1,20180620,113200,6633.7700000
BTC-USD,1,20180620,113300,6634.4700000
BTC-USD,1,20180620,113400,6634.4300000
BTC-USD,1,20180620,113500,6631.0000000
BTC-USD,1,20180620,113600,6629.2200000
BTC-USD,1,20180620,113700,6630.5700000
BTC-USD,1,20180620,113800,6630.5700000
BTC-USD,1,20180620,113900,6634.3300000
BTC-USD,1,20180620,114000,6634.3300000
BTC-USD,1,20180620,114100,6634.4300000
BTC-USD,1,20180620,114200,6634.4300000
BTC-USD,1,20180620,114300,6634.4300000
BTC-USD,1,20180620,114400,6634.4400000
BTC-USD,1,20180620,114500,6634.4400000
BTC-USD,1,20180620,114600,6641.0300000
BTC-USD,1,20180620,114700,6640.0000000
BTC-USD,1,20180620,114800,6640.0100000
BTC-USD,1,20180620,114900,6640.0100000
BTC-USD,1,20180620,115000,6640.0100000
BTC-USD,1,20180620,115100,6640.0100000
BTC-USD,1,20180620,115200,6640.0100000
BTC-USD,1,20180620,115300,6640.0100000
BTC-USD,1,20180620,115400,6640.0000000
BTC-USD,1,20180620,115500,6640.0000000
BTC-USD,1,20180620,115600,6640.0100000
BTC-USD,1,20180620,115700,6640.0000000
BTC-USD,1,20180620,115800,6640.0100000
BTC-USD,1,20180620,115900,6640.0100000
BTC-USD,1,20180620,120000,6640.0100000
BTC-USD,1,20180620,120100,6634.6100000
BTC-USD,1,20180620,120200,6633.8700000
BTC-USD,1,20180620,120300,6633.8700000
BTC-USD,1,20180620,120400,6633.8700000
BTC-USD,1,20180620,120500,6633.8700000
BTC-USD,1,20180620,120600,6633.5600000
BTC-USD,1,20180620,120700,6630.8800000
BTC-USD,1,20180620,120800,6630.8800000
BTC-USD,1,20180620,120900,6630.8800000
BTC-USD,1,20180620,121000,6630.8800000
BTC-USD,1,20180620,121100,6630.0000000
BTC-USD,1,20180620,121200,6630.0000000
BTC-USD,1,20180620,121300,6630.0100000
BTC-USD,1,20180620,121400,6630.0100000
BTC-USD,1,20180620,121500,6630.0100000
BTC-USD,1,20180620,121600,6630.0000000
BTC-USD,1,20180620,121700,6630.0100000
BTC-USD,1,20180620,121800,6630.0000000
BTC-USD,1,20180620,121900,6630.0100000
BTC-USD,1,20180620,122000,6630.0100000
BTC-USD,1,20180620,122100,6630.0100000
BTC-USD,1,20180620,122200,6630.0100000
BTC-USD,1,20180620,122300,6633.9500000
BTC-USD,1,20180620,122400,6640.1700000
BTC-USD,1,20180620,122500,6640.1800000
BTC-USD,1,20180620,122600,6640.9500000
BTC-USD,1,20180620,122700,6640.9500000
BTC-USD,1,20180620,122800,6640.9500000
BTC-USD,1,20180620,122900,6638.6300000
BTC-USD,1,20180620,123000,6638.6300000
BTC-USD,1,20180620,123100,6638.7100000
BTC-USD,1,20180620,123200,6640.9500000
BTC-USD,1,20180620,123300,6640.7200000
BTC-USD,1,20180620,123400,6640.1700000
BTC-USD,1,20180620,123500,6640.1800000
BTC-USD,1,20180620,123600,6640.1800000
BTC-USD,1,20180620,123700,6640.1800000
BTC-USD,1,20180620,123800,6661.2100000
BTC-USD,1,20180620,123900,6648.7100000
BTC-USD,1,20180620,124000,6646.3300000
BTC-USD,1,20180620,124100,6649.8900000
BTC-USD,1,20180620,124200,6649.8800000
BTC-USD,1,20180620,124300,6649.8900000
BTC-USD,1,20180620,124400,6649.8900000
BTC-USD,1,20180620,124500,6649.8900000
BTC-USD,1,20180620,124600,6649.8900000
BTC-USD,1,20180620,124700,6646.3400000
BTC-USD,1,20180620,124800,6646.3300000
BTC-USD,1,20180620,124900,6646.3400000
BTC-USD,1,20180620,125000,6646.3400000
BTC-USD,1,20180620,125100,6646.3300000
BTC-USD,1,20180620,125200,6641.1700000
BTC-USD,1,20180620,125300,6641.1600000
BTC-USD,1,20180620,125400,6640.0100000
BTC-USD,1,20180620,125500,6640.0100000
BTC-USD,1,20180620,125600,6640.0100000
BTC-USD,1,20180620,125700,6640.0100000
BTC-USD,1,20180620,125800,6641.5100000
BTC-USD,1,20180620,125900,6643.3200000
BTC-USD,1,20180620,130000,6643.3300000
BTC-USD,1,20180620,130100,6643.3200000
BTC-USD,1,20180620,130200,6643.3300000
BTC-USD,1,20180620,130300,6635.0100000
BTC-USD,1,20180620,130400,6630.8700000
BTC-USD,1,20180620,130500,6630.0000000
BTC-USD,1,20180620,130600,6625.0100000
BTC-USD,1,20180620,130700,6625.0100000
BTC-USD,1,20180620,130800,6625.0000000
BTC-USD,1,20180620,130900,6629.9900000
BTC-USD,1,20180620,131000,6629.8300000
BTC-USD,1,20180620,131100,6625.9600000
BTC-USD,1,20180620,131200,6622.7300000
BTC-USD,1,20180620,131300,6622.7300000
BTC-USD,1,20180620,131400,6625.7900000
BTC-USD,1,20180620,131500,6625.9600000
BTC-USD,1,20180620,131600,6625.9200000
BTC-USD,1,20180620,131700,6622.1100000
BTC-USD,1,20180620,131800,6620.1200000
BTC-USD,1,20180620,131900,6620.1200000
BTC-USD,1,20180620,132000,6631.9300000
BTC-USD,1,20180620,132100,6631.8900000
BTC-USD,1,20180620,132200,6631.4000000
BTC-USD,1,20180620,132300,6633.7000000
BTC-USD,1,20180620,132400,6630.1500000
BTC-USD,1,20180620,132500,6629.5000000
BTC-USD,1,20180620,132600,6629.5000000
BTC-USD,1,20180620,132700,6627.0000000
BTC-USD,1,20180620,132800,6627.0100000
BTC-USD,1,20180620,132900,6627.0100000
BTC-USD,1,20180620,133000,6627.0000000
BTC-USD,1,20180620,133100,6627.0100000
BTC-USD,1,20180620,133200,6627.0100000
BTC-USD,1,20180620,133300,6624.5200000
BTC-USD,1,20180620,133400,6624.5200000
BTC-USD,1,20180620,133500,6624.5200000
BTC-USD,1,20180620,133600,6627.3000000
BTC-USD,1,20180620,133700,6625.4100000
BTC-USD,1,20180620,133800,6623.3300000
BTC-USD,1,20180620,133900,6623.3300000
BTC-USD,1,20180620,134000,6620.1200000
BTC-USD,1,20180620,134100,6611.1300000
BTC-USD,1,20180620,134200,6618.2500000
BTC-USD,1,20180620,134300,6615.0200000
BTC-USD,1,20180620,134400,6616.5400000
BTC-USD,1,20180620,134500,6627.3500000
BTC-USD,1,20180620,134600,6625.9800000
BTC-USD,1,20180620,134700,6624.1900000
BTC-USD,1,20180620,134800,6624.1100000
BTC-USD,1,20180620,134900,6624.1200000
BTC-USD,1,20180620,135000,6622.7100000
BTC-USD,1,20180620,135100,6622.7100000
BTC-USD,1,20180620,135200,6622.7000000
BTC-USD,1,20180620,135300,6622.7000000
BTC-USD,1,20180620,135400,6622.7100000
BTC-USD,1,20180620,135500,6622.7000000
BTC-USD,1,20180620,135600,6622.7100000
BTC-USD,1,20180620,135700,6622.7100000
BTC-USD,1,20180620,135800,6622.7100000
BTC-USD,1,20180620,135900,6622.7000000
BTC-USD,1,20180620,140000,6622.7100000
BTC-USD,1,20180620,140100,6622.7100000
BTC-USD,1,20180620,140200,6622.7100000
BTC-USD,1,20180620,140300,6622.7000000
BTC-USD,1,20180620,140400,6622.7000000
BTC-USD,1,20180620,140500,6622.7100000
BTC-USD,1,20180620,140600,6622.7100000
BTC-USD,1,20180620,140700,6622.7000000
BTC-USD,1,20180620,140800,6622.7000000
BTC-USD,1,20180620,140900,6623.0000000
BTC-USD,1,20180620,141000,6626.9900000
BTC-USD,1,20180620,141100,6627.3900000
BTC-USD,1,20180620,141200,6625.0000000
BTC-USD,1,20180620,141300,6625.0100000
BTC-USD,1,20180620,141400,6625.0100000
BTC-USD,1,20180620,141500,6625.0100000
BTC-USD,1,20180620,141600,6625.0000000
BTC-USD,1,20180620,141700,6622.5700000
BTC-USD,1,20180620,141800,6622.0100000
BTC-USD,1,20180620,141900,6622.0100000
BTC-USD,1,20180620,142000,6622.0100000
BTC-USD,1,20180620,142100,6622.0000000
BTC-USD,1,20180620,142200,6622.0000000
BTC-USD,1,20180620,142300,6625.5600000
BTC-USD,1,20180620,142400,6626.8700000
BTC-USD,1,20180620,142500,6626.9800000
BTC-USD,1,20180620,142600,6626.9800000
BTC-USD,1,20180620,142700,6626.9800000
BTC-USD,1,20180620,142800,6626.9800000
BTC-USD,1,20180620,142900,6628.5100000
BTC-USD,1,20180620,143000,6626.9700000
BTC-USD,1,20180620,143100,6626.9800000
BTC-USD,1,20180620,143200,6628.3700000
BTC-USD,1,20180620,143300,6628.3700000
BTC-USD,1,20180620,143400,6628.3800000
BTC-USD,1,20180620,143500,6630.0000000
BTC-USD,1,20180620,143600,6632.8900000
BTC-USD,1,20180620,143700,6634.3200000
BTC-USD,1,20180620,143800,6634.3200000
BTC-USD,1,20180620,143900,6634.3200000
BTC-USD,1,20180620,144000,6634.3200000
BTC-USD,1,20180620,144100,6634.3200000
BTC-USD,1,20180620,144200,6634.3300000
BTC-USD,1,20180620,144300,6634.3200000
BTC-USD,1,20180620,144400,6634.0000000
BTC-USD,1,20180620,144500,6632.0000000
BTC-USD,1,20180620,144600,6631.4900000
BTC-USD,1,20180620,144700,6628.0100000
BTC-USD,1,20180620,144800,6628.0100000
BTC-USD,1,20180620,144900,6631.4900000
BTC-USD,1,20180620,145000,6631.5000000
BTC-USD,1,20180620,145100,6631.5000000
BTC-USD,1,20180620,145200,6631.5000000
BTC-USD,1,20180620,145300,6631.5000000
BTC-USD,1,20180620,145400,6631.5000000
BTC-USD,1,20180620,145500,6631.5000000
BTC-USD,1,20180620,145600,6631.5000000
BTC-USD,1,20180620,145700,6631.5000000
BTC-USD,1,20180620,145800,6635.0000000
BTC-USD,1,20180620,145900,6635.1100000
BTC-USD,1,20180620,150000,6635.1000000
BTC-USD,1,20180620,150100,6631.5100000
BTC-USD,1,20180620,150200,6631.4500000
BTC-USD,1,20180620,150300,6629.0000000
BTC-USD,1,20180620,150400,6623.8400000
BTC-USD,1,20180620,150500,6627.6900000
BTC-USD,1,20180620,150600,6626.7800000
BTC-USD,1,20180620,150700,6627.6900000
BTC-USD,1,20180620,150800,6628.3900000
BTC-USD,1,20180620,150900,6628.6300000
BTC-USD,1,20180620,151000,6627.6400000
BTC-USD,1,20180620,151100,6625.1300000
BTC-USD,1,20180620,151200,6625.1200000
BTC-USD,1,20180620,151300,6625.1200000
BTC-USD,1,20180620,151400,6625.1300000
BTC-USD,1,20180620,151500,6626.5000000
BTC-USD,1,20180620,151600,6626.3100000
BTC-USD,1,20180620,151700,6626.2500000
BTC-USD,1,20180620,151800,6625.9900000
BTC-USD,1,20180620,151900,6626.0000000
BTC-USD,1,20180620,152000,6626.0100000
BTC-USD,1,20180620,152100,6629.8800000
BTC-USD,1,20180620,152200,6628.6400000
BTC-USD,1,20180620,152300,6629.9900000
BTC-USD,1,20180620,152400,6627.2700000
BTC-USD,1,20180620,152500,6630.0000000
BTC-USD,1,20180620,152600,6630.0000000
BTC-USD,1,20180620,152700,6629.9900000
BTC-USD,1,20180620,152800,6629.9900000
BTC-USD,1,20180620,152900,6630.0000000
BTC-USD,1,20180620,153000,6629.4800000
BTC-USD,1,20180620,153100,6627.8100000
BTC-USD,1,20180620,153200,6614.9200000
BTC-USD,1,20180620,153300,6616.4200000
BTC-USD,1,20180620,153400,6616.4200000
BTC-USD,1,20180620,153500,6613.1700000
BTC-USD,1,20180620,153600,6615.9300000
BTC-USD,1,20180620,153700,6615.9300000
BTC-USD,1,20180620,153800,6618.7200000
BTC-USD,1,20180620,153900,6616.9600000
BTC-USD,1,20180620,154000,6614.7500000
BTC-USD,1,20180620,154100,6618.6500000
BTC-USD,1,20180620,154200,6618.6500000
BTC-USD,1,20180620,154300,6616.1500000
BTC-USD,1,20180620,154400,6616.8600000
BTC-USD,1,20180620,154500,6614.7300000
BTC-USD,1,20180620,154600,6617.0000000
BTC-USD,1,20180620,154700,6613.2900000
BTC-USD,1,20180620,154800,6615.1500000
BTC-USD,1,20180620,154900,6615.1600000
BTC-USD,1,20180620,155000,6615.1600000
BTC-USD,1,20180620,155100,6615.1600000
BTC-USD,1,20180620,155200,6615.1500000
BTC-USD,1,20180620,155300,6615.1500000
BTC-USD,1,20180620,155400,6615.1600000
BTC-USD,1,20180620,155500,6618.0000000
BTC-USD,1,20180620,155600,6618.0000000
BTC-USD,1,20180620,155700,6618.0000000
BTC-USD,1,20180620,155800,6617.9900000
BTC-USD,1,20180620,155900,6618.6400000
BTC-USD,1,20180620,160000,6616.1000000
BTC-USD,1,20180620,160100,6615.1500000
BTC-USD,1,20180620,160200,6612.6700000
BTC-USD,1,20180620,160300,6612.6800000
BTC-USD,1,20180620,160400,6612.6800000
BTC-USD,1,20180620,160500,6612.6700000
BTC-USD,1,20180620,160600,6607.8000000
BTC-USD,1,20180620,160700,6588.9600000
BTC-USD,1,20180620,160800,6598.0000000
BTC-USD,1,20180620,160900,6598.0000000
BTC-USD,1,20180620,161000,6604.9600000
BTC-USD,1,20180620,161100,6605.0000000
BTC-USD,1,20180620,161200,6608.9900000
BTC-USD,1,20180620,161300,6608.9900000
BTC-USD,1,20180620,161400,6608.9900000
BTC-USD,1,20180620,161500,6609.0000000
BTC-USD,1,20180620,161600,6639.2200000
BTC-USD,1,20180620,161700,6632.3300000
BTC-USD,1,20180620,161800,6659.9900000
BTC-USD,1,20180620,161900,6657.6500000
BTC-USD,1,20180620,162000,6666.5900000
BTC-USD,1,20180620,162100,6660.9000000
BTC-USD,1,20180620,162200,6660.9000000
BTC-USD,1,20180620,162300,6669.0000000
BTC-USD,1,20180620,162400,6722.0000000
BTC-USD,1,20180620,162500,6735.1400000
BTC-USD,1,20180620,162600,6718.9400000
BTC-USD,1,20180620,162700,6712.5100000
BTC-USD,1,20180620,162800,6709.8900000
BTC-USD,1,20180620,162900,6712.7700000
BTC-USD,1,20180620,163000,6721.9900000
BTC-USD,1,20180620,163100,6716.9900000
BTC-USD,1,20180620,163200,6716.9900000
BTC-USD,1,20180620,163300,6717.0000000
BTC-USD,1,20180620,163400,6726.9700000
BTC-USD,1,20180620,163500,6731.2400000
BTC-USD,1,20180620,163600,6731.0000000
BTC-USD,1,20180620,163700,6734.8900000
BTC-USD,1,20180620,163800,6734.9000000
BTC-USD,1,20180620,163900,6730.9900000
BTC-USD,1,20180620,164000,6730.9900000
BTC-USD,1,20180620,164100,6724.9700000
BTC-USD,1,20180620,164200,6725.0000000
BTC-USD,1,20180620,164300,6729.0000000
BTC-USD,1,20180620,164400,6739.9900000
BTC-USD,1,20180620,164500,6735.0000000
BTC-USD,1,20180620,164600,6738.0100000
BTC-USD,1,20180620,164700,6743.0000000
BTC-USD,1,20180620,164800,6759.0000000
BTC-USD,1,20180620,164900,6743.8000000
BTC-USD,1,20180620,165000,6741.1700000
BTC-USD,1,20180620,165100,6741.0100000
BTC-USD,1,20180620,165200,6738.3500000
BTC-USD,1,20180620,165300,6743.3300000
BTC-USD,1,20180620,165400,6737.6900000
BTC-USD,1,20180620,165500,6738.0000000
BTC-USD,1,20180620,165600,6737.9900000
BTC-USD,1,20180620,165700,6740.0000000
BTC-USD,1,20180620,165800,6737.9900000
BTC-USD,1,20180620,165900,6731.0000000
BTC-USD,1,20180620,170000,6728.0200000
BTC-USD,1,20180620,170100,6734.9900000
BTC-USD,1,20180620,170200,6735.0000000
BTC-USD,1,20180620,170300,6742.0100000
BTC-USD,1,20180620,170400,6742.0100000
BTC-USD,1,20180620,170500,6744.8000000
BTC-USD,1,20180620,170600,6742.1400000
BTC-USD,1,20180620,170700,6742.1400000
BTC-USD,1,20180620,170800,6742.1300000
BTC-USD,1,20180620,170900,6745.0000000
BTC-USD,1,20180620,171000,6757.4500000
BTC-USD,1,20180620,171100,6751.5400000
BTC-USD,1,20180620,171200,6757.4600000
BTC-USD,1,20180620,171300,6779.5500000
BTC-USD,1,20180620,171400,6760.3100000
BTC-USD,1,20180620,171500,6765.7100000
BTC-USD,1,20180620,171600,6765.7100000
BTC-USD,1,20180620,171700,6757.0000000
BTC-USD,1,20180620,171800,6745.8900000
BTC-USD,1,20180620,171900,6745.1500000
BTC-USD,1,20180620,172000,6745.0100000
BTC-USD,1,20180620,172100,6742.0100000
BTC-USD,1,20180620,172200,6742.0000000
BTC-USD,1,20180620,172300,6742.0100000
BTC-USD,1,20180620,172400,6745.9200000
BTC-USD,1,20180620,172500,6748.9800000
BTC-USD,1,20180620,172600,6748.9800000
BTC-USD,1,20180620,172700,6762.2000000
BTC-USD,1,20180620,172800,6757.0100000
BTC-USD,1,20180620,172900,6751.9500000
BTC-USD,1,20180620,173000,6751.9500000
BTC-USD,1,20180620,173100,6755.0000000
BTC-USD,1,20180620,173200,6754.9900000
BTC-USD,1,20180620,173300,6756.0000000
BTC-USD,1,20180620,173400,6762.9000000
BTC-USD,1,20180620,173500,6762.9000000
BTC-USD,1,20180620,173600,6762.9000000
BTC-USD,1,20180620,173700,6762.9000000
BTC-USD,1,20180620,173800,6755.0000000
BTC-USD,1,20180620,173900,6752.0000000
BTC-USD,1,20180620,174000,6751.9600000
BTC-USD,1,20180620,174100,6751.9600000
BTC-USD,1,20180620,174200,6751.9600000
BTC-USD,1,20180620,174300,6751.9600000
BTC-USD,1,20180620,174400,6751.9600000
BTC-USD,1,20180620,174500,6751.9600000
BTC-USD,1,20180620,174600,6751.9600000
BTC-USD,1,20180620,174700,6751.9600000
BTC-USD,1,20180620,174800,6751.9600000
BTC-USD,1,20180620,174900,6751.9700000
BTC-USD,1,20180620,175000,6751.9900000
BTC-USD,1,20180620,175100,6751.9800000
BTC-USD,1,20180620,175200,6751.9900000
BTC-USD,1,20180620,175300,6751.9900000
BTC-USD,1,20180620,175400,6751.9900000
BTC-USD,1,20180620,175500,6752.0000000
BTC-USD,1,20180620,175600,6751.9900000
BTC-USD,1,20180620,175700,6754.7400000
BTC-USD,1,20180620,175800,6754.7500000
BTC-USD,1,20180620,175900,6758.7100000
BTC-USD,1,20180620,180000,6758.7100000
BTC-USD,1,20180620,180100,6763.0000000
BTC-USD,1,20180620,180200,6763.0000000
BTC-USD,1,20180620,180300,6763.5200000
BTC-USD,1,20180620,180400,6764.0000000
BTC-USD,1,20180620,180500,6763.9900000
BTC-USD,1,20180620,180600,6761.9900000
BTC-USD,1,20180620,180700,6761.9900000
BTC-USD,1,20180620,180800,6758.0800000
BTC-USD,1,20180620,180900,6758.0700000
BTC-USD,1,20180620,181000,6758.0700000
BTC-USD,1,20180620,181100,6758.0700000
BTC-USD,1,20180620,181200,6758.0700000
BTC-USD,1,20180620,181300,6758.0800000
BTC-USD,1,20180620,181400,6752.0200000
BTC-USD,1,20180620,181500,6752.0100000
BTC-USD,1,20180620,181600,6752.0100000
BTC-USD,1,20180620,181700,6752.0200000
BTC-USD,1,20180620,181800,6752.0200000
BTC-USD,1,20180620,181900,6752.0100000
BTC-USD,1,20180620,182000,6752.0200000
BTC-USD,1,20180620,182100,6752.0100000
BTC-USD,1,20180620,182200,6754.0300000
BTC-USD,1,20180620,182300,6754.3800000
BTC-USD,1,20180620,182400,6755.7300000
BTC-USD,1,20180620,182500,6754.0000000
BTC-USD,1,20180620,182600,6754.0100000
BTC-USD,1,20180620,182700,6756.8600000
BTC-USD,1,20180620,182800,6757.4500000
BTC-USD,1,20180620,182900,6754.0000000
BTC-USD,1,20180620,183000,6754.0000000
BTC-USD,1,20180620,183100,6754.0100000
BTC-USD,1,20180620,183200,6754.0000000
BTC-USD,1,20180620,183300,6752.0200000
BTC-USD,1,20180620,183400,6752.0200000
BTC-USD,1,20180620,183500,6752.0100000
BTC-USD,1,20180620,183600,6752.0200000
BTC-USD,1,20180620,183700,6752.0100000
BTC-USD,1,20180620,183800,6753.0000000
BTC-USD,1,20180620,183900,6753.0000000
BTC-USD,1,20180620,184000,6753.9800000
BTC-USD,1,20180620,184100,6753.9800000
BTC-USD,1,20180620,184200,6753.9900000
BTC-USD,1,20180620,184300,6754.0000000
BTC-USD,1,20180620,184400,6754.0000000
BTC-USD,1,20180620,184500,6754.0000000
BTC-USD,1,20180620,184600,6754.0000000
BTC-USD,1,20180620,184700,6754.0000000
BTC-USD,1,20180620,184800,6753.9900000
BTC-USD,1,20180620,184900,6754.0000000
BTC-USD,1,20180620,185000,6754.0000000
BTC-USD,1,20180620,185100,6754.0000000
BTC-USD,1,20180620,185200,6753.9900000
BTC-USD,1,20180620,185300,6754.0000000
BTC-USD,1,20180620,185400,6759.9800000
BTC-USD,1,20180620,185500,6756.1400000
BTC-USD,1,20180620,185600,6756.1300000
BTC-USD,1,20180620,185700,6756.1400000
BTC-USD,1,20180620,185800,6756.1400000
BTC-USD,1,20180620,185900,6757.5600000
BTC-USD,1,20180620,190000,6756.8500000
BTC-USD,1,20180620,190100,6759.5500000
BTC-USD,1,20180620,190200,6763.0000000
BTC-USD,1,20180620,190300,6764.0000000
BTC-USD,1,20180620,190400,6779.0300000
BTC-USD,1,20180620,190500,6774.0100000
BTC-USD,1,20180620,190600,6765.9700000
BTC-USD,1,20180620,190700,6773.0400000
BTC-USD,1,20180620,190800,6773.8900000
BTC-USD,1,20180620,190900,6774.1600000
BTC-USD,1,20180620,191000,6774.1600000
BTC-USD,1,20180620,191100,6780.0000000
BTC-USD,1,20180620,191200,6774.1600000
BTC-USD,1,20180620,191300,6774.1600000
BTC-USD,1,20180620,191400,6774.1700000
BTC-USD,1,20180620,191500,6780.0100000
BTC-USD,1,20180620,191600,6776.9600000
BTC-USD,1,20180620,191700,6776.9600000
BTC-USD,1,20180620,191800,6776.9700000
BTC-USD,1,20180620,191900,6780.0000000
BTC-USD,1,20180620,192000,6776.9700000
BTC-USD,1,20180620,192100,6776.9700000
BTC-USD,1,20180620,192200,6783.9300000
BTC-USD,1,20180620,192300,6790.0000000
BTC-USD,1,20180620,192400,6784.0100000
BTC-USD,1,20180620,192500,6784.0100000
BTC-USD,1,20180620,192600,6785.0000000
BTC-USD,1,20180620,192700,6814.0100000
BTC-USD,1,20180620,192800,6794.8100000
BTC-USD,1,20180620,192900,6787.0000000
BTC-USD,1,20180620,193000,6784.0100000
BTC-USD,1,20180620,193100,6780.0000000
BTC-USD,1,20180620,193200,6782.5100000
BTC-USD,1,20180620,193300,6783.7100000
BTC-USD,1,20180620,193400,6779.6500000
BTC-USD,1,20180620,193500,6779.6400000
BTC-USD,1,20180620,193600,6781.5000000
BTC-USD,1,20180620,193700,6781.5000000
BTC-USD,1,20180620,193800,6781.5100000
BTC-USD,1,20180620,193900,6781.5000000
BTC-USD,1,20180620,194000,6779.6400000
BTC-USD,1,20180620,194100,6779.6500000
BTC-USD,1,20180620,194200,6779.6400000
BTC-USD,1,20180620,194300,6779.6500000
BTC-USD,1,20180620,194400,6777.0100000
BTC-USD,1,20180620,194500,6765.0100000
BTC-USD,1,20180620,194600,6765.0000000
BTC-USD,1,20180620,194700,6765.0000000
BTC-USD,1,20180620,194800,6766.2800000
BTC-USD,1,20180620,194900,6772.6800000
BTC-USD,1,20180620,195000,6771.0700000
BTC-USD,1,20180620,195100,6767.5800000
BTC-USD,1,20180620,195200,6767.5800000
BTC-USD,1,20180620,195300,6767.5800000
BTC-USD,1,20180620,195400,6765.0000000
BTC-USD,1,20180620,195500,6760.0000000
BTC-USD,1,20180620,195600,6760.0100000
BTC-USD,1,20180620,195700,6755.2500000
BTC-USD,1,20180620,195800,6755.6600000
BTC-USD,1,20180620,195900,6755.2500000
BTC-USD,1,20180620,200000,6755.2600000
BTC-USD,1,20180620,200100,6755.2500000
BTC-USD,1,20180620,200200,6755.2600000
BTC-USD,1,20180620,200300,6755.2600000
BTC-USD,1,20180620,200400,6755.9500000
BTC-USD,1,20180620,200500,6756.0000000
BTC-USD,1,20180620,200600,6756.9000000
BTC-USD,1,20180620,200700,6756.9000000
BTC-USD,1,20180620,200800,6756.8900000
BTC-USD,1,20180620,200900,6756.8900000
BTC-USD,1,20180620,201000,6756.9000000
BTC-USD,1,20180620,201100,6756.9000000
BTC-USD,1,20180620,201200,6756.9900000
BTC-USD,1,20180620,201300,6756.9900000
BTC-USD,1,20180620,201400,6756.9900000
BTC-USD,1,20180620,201500,6757.0000000
BTC-USD,1,20180620,201600,6757.0000000
BTC-USD,1,20180620,201700,6756.9900000
BTC-USD,1,20180620,201800,6757.0000000
BTC-USD,1,20180620,201900,6757.0000000
BTC-USD,1,20180620,202000,6756.8900000
BTC-USD,1,20180620,202100,6756.8900000
BTC-USD,1,20180620,202200,6756.9000000
BTC-USD,1,20180620,202300,6756.8900000
BTC-USD,1,20180620,202400,6752.7500000
BTC-USD,1,20180620,202500,6752.0100000
BTC-USD,1,20180620,202600,6752.0100000
BTC-USD,1,20180620,202700,6752.0100000
BTC-USD,1,20180620,202800,6752.0100000
BTC-USD,1,20180620,202900,6752.0100000
BTC-USD,1,20180620,203000,6750.0000000
BTC-USD,1,20180620,203100,6750.0000000
BTC-USD,1,20180620,203200,6750.0100000
BTC-USD,1,20180620,203300,6750.0000000
BTC-USD,1,20180620,203400,6750.0000000
BTC-USD,1,20180620,203500,6750.0000000
BTC-USD,1,20180620,203600,6743.0800000
BTC-USD,1,20180620,203700,6743.0800000
BTC-USD,1,20180620,203800,6743.0900000
BTC-USD,1,20180620,203900,6743.0900000
BTC-USD,1,20180620,204000,6743.5400000
BTC-USD,1,20180620,204100,6743.7600000
BTC-USD,1,20180620,204200,6744.0000000
BTC-USD,1,20180620,204300,6749.6800000
BTC-USD,1,20180620,204400,6749.6800000
BTC-USD,1,20180620,204500,6750.0100000
BTC-USD,1,20180620,204600,6750.0100000
BTC-USD,1,20180620,204700,6750.0000000
BTC-USD,1,20180620,204800,6750.0100000
BTC-USD,1,20180620,204900,6750.0200000
BTC-USD,1,20180620,205000,6750.0200000
BTC-USD,1,20180620,205100,6750.0200000
BTC-USD,1,20180620,205200,6750.0200000
BTC-USD,1,20180620,205300,6750.0000000
BTC-USD,1,20180620,205400,6750.0000000
BTC-USD,1,20180620,205500,6750.0000000
BTC-USD,1,20180620,205600,6750.0100000
BTC-USD,1,20180620,205700,6750.0100000
BTC-USD,1,20180620,205800,6750.0000000
BTC-USD,1,20180620,205900,6749.9000000
BTC-USD,1,20180620,210000,6749.3700000
BTC-USD,1,20180620,210100,6749.3800000
BTC-USD,1,20180620,210200,6750.0000000
BTC-USD,1,20180620,210300,6750.0000000
BTC-USD,1,20180620,210400,6750.0000000
BTC-USD,1,20180620,210500,6749.9900000
BTC-USD,1,20180620,210600,6750.0000000
BTC-USD,1,20180620,210700,6752.5000000
BTC-USD,1,20180620,210800,6752.9900000
BTC-USD,1,20180620,210900,6760.0000000
BTC-USD,1,20180620,211000,6760.0000000
BTC-USD,1,20180620,211100,6759.5600000
BTC-USD,1,20180620,211200,6759.5500000
BTC-USD,1,20180620,211300,6756.1400000
BTC-USD,1,20180620,211400,6758.0000000
BTC-USD,1,20180620,211500,6758.0500000
BTC-USD,1,20180620,211600,6758.7600000
BTC-USD,1,20180620,211700,6761.0000000
BTC-USD,1,20180620,211800,6761.0000000
BTC-USD,1,20180620,211900,6755.9500000
BTC-USD,1,20180620,212000,6756.7000000
BTC-USD,1,20180620,212100,6756.7000000
BTC-USD,1,20180620,212200,6756.7100000
BTC-USD,1,20180620,212300,6756.7100000
BTC-USD,1,20180620,212400,6755.8000000
BTC-USD,1,20180620,212500,6755.8000000
BTC-USD,1,20180620,212600,6755.8100000
BTC-USD,1,20180620,212700,6755.8000000
BTC-USD,1,20180620,212800,6755.8100000
BTC-USD,1,20180620,212900,6755.8100000
BTC-USD,1,20180620,213000,6752.7600000
BTC-USD,1,20180620,213100,6752.7500000
BTC-USD,1,20180620,213200,6752.7600000
BTC-USD,1,20180620,213300,6755.9000000
BTC-USD,1,20180620,213400,6755.9100000
BTC-USD,1,20180620,213500,6755.9100000
BTC-USD,1,20180620,213600,6755.9000000
BTC-USD,1,20180620,213700,6755.9100000
BTC-USD,1,20180620,213800,6755.0100000
BTC-USD,1,20180620,213900,6755.0100000
BTC-USD,1,20180620,214000,6755.0000000
BTC-USD,1,20180620,214100,6754.9000000
BTC-USD,1,20180620,214200,6749.9800000
BTC-USD,1,20180620,214300,6749.9700000
BTC-USD,1,20180620,214400,6749.9800000
BTC-USD,1,20180620,214500,6749.9700000
BTC-USD,1,20180620,214600,6749.9800000
BTC-USD,1,20180620,214700,6747.7000000
BTC-USD,1,20180620,214800,6747.7100000
BTC-USD,1,20180620,214900,6747.0200000
BTC-USD,1,20180620,215000,6741.2900000
BTC-USD,1,20180620,215100,6746.5700000
BTC-USD,1,20180620,215200,6745.9900000
BTC-USD,1,20180620,215300,6745.9900000
BTC-USD,1,20180620,215400,6745.0100000
BTC-USD,1,20180620,215500,6745.0100000
BTC-USD,1,20180620,215600,6745.0000000
BTC-USD,1,20180620,215700,6746.0000000
BTC-USD,1,20180620,215800,6746.0000000
BTC-USD,1,20180620,215900,6745.9900000
BTC-USD,1,20180620,220000,6746.0000000
BTC-USD,1,20180620,220100,6747.0000000
BTC-USD,1,20180620,220200,6746.9900000
BTC-USD,1,20180620,220300,6747.0000000
BTC-USD,1,20180620,220400,6747.0000000
BTC-USD,1,20180620,220500,6747.0000000
BTC-USD,1,20180620,220600,6746.9900000
BTC-USD,1,20180620,220700,6747.0000000
BTC-USD,1,20180620,220800,6747.0000000
BTC-USD,1,20180620,220900,6746.9900000
BTC-USD,1,20180620,221000,6747.0000000
BTC-USD,1,20180620,221100,6747.0000000
BTC-USD,1,20180620,221200,6747.0000000
BTC-USD,1,20180620,221300,6747.0000000
BTC-USD,1,20180620,221400,6747.0000000
BTC-USD,1,20180620,221500,6746.9900000
BTC-USD,1,20180620,221600,6746.9900000
BTC-USD,1,20180620,221700,6746.9900000
BTC-USD,1,20180620,221800,6747.0000000
BTC-USD,1,20180620,221900,6747.0000000
BTC-USD,1,20180620,222000,6747.0000000
BTC-USD,1,20180620,222100,6747.0000000
BTC-USD,1,20180620,222200,6746.9900000
BTC-USD,1,20180620,222300,6747.0000000
BTC-USD,1,20180620,222400,6746.9900000
BTC-USD,1,20180620,222500,6746.9900000
BTC-USD,1,20180620,222600,6747.0000000
BTC-USD,1,20180620,222700,6747.0000000
BTC-USD,1,20180620,222800,6747.0000000
BTC-USD,1,20180620,222900,6746.9900000
BTC-USD,1,20180620,223000,6749.9800000
BTC-USD,1,20180620,223100,6749.9800000
BTC-USD,1,20180620,223200,6750.9700000
BTC-USD,1,20180620,223300,6751.9800000
BTC-USD,1,20180620,223400,6751.9800000
BTC-USD,1,20180620,223500,6754.9900000
BTC-USD,1,20180620,223600,6755.9100000
BTC-USD,1,20180620,223700,6755.9100000
BTC-USD,1,20180620,223800,6755.9100000
BTC-USD,1,20180620,223900,6755.9000000
BTC-USD,1,20180620,224000,6755.8100000
BTC-USD,1,20180620,224100,6755.8000000
BTC-USD,1,20180620,224200,6755.8000000
BTC-USD,1,20180620,224300,6755.8000000
BTC-USD,1,20180620,224400,6755.8100000
BTC-USD,1,20180620,224500,6752.7600000
BTC-USD,1,20180620,224600,6750.0000000
BTC-USD,1,20180620,224700,6750.3800000
BTC-USD,1,20180620,224800,6749.3800000
BTC-USD,1,20180620,224900,6748.0700000
BTC-USD,1,20180620,225000,6747.2900000
BTC-USD,1,20180620,225100,6747.2800000
BTC-USD,1,20180620,225200,6747.2900000
BTC-USD,1,20180620,225300,6747.2800000
BTC-USD,1,20180620,225400,6747.2900000
BTC-USD,1,20180620,225500,6747.2800000
BTC-USD,1,20180620,225600,6748.0600000
BTC-USD,1,20180620,225700,6754.1500000
BTC-USD,1,20180620,225800,6754.1500000
BTC-USD,1,20180620,225900,6754.1500000
BTC-USD,1,20180620,230000,6754.1600000
BTC-USD,1,20180620,230100,6748.0600000
BTC-USD,1,20180620,230200,6748.0600000
BTC-USD,1,20180620,230300,6748.0700000
BTC-USD,1,20180620,230400,6748.0600000
BTC-USD,1,20180620,230500,6747.0100000
BTC-USD,1,20180620,230600,6747.0000000
BTC-USD,1,20180620,230700,6747.0100000
BTC-USD,1,20180620,230800,6725.0000000
BTC-USD,1,20180620,230900,6734.8700000
BTC-USD,1,20180620,231000,6734.8800000
BTC-USD,1,20180620,231100,6734.8700000
BTC-USD,1,20180620,231200,6735.6500000
BTC-USD,1,20180620,231300,6735.6600000
BTC-USD,1,20180620,231400,6735.6500000
BTC-USD,1,20180620,231500,6735.6600000
BTC-USD,1,20180620,231600,6735.6600000
BTC-USD,1,20180620,231700,6736.0000000
BTC-USD,1,20180620,231800,6737.6500000
BTC-USD,1,20180620,231900,6739.9900000
BTC-USD,1,20180620,232000,6740.0000000
BTC-USD,1,20180620,232100,6739.9900000
BTC-USD,1,20180620,232200,6740.0200000
BTC-USD,1,20180620,232300,6740.0300000
BTC-USD,1,20180620,232400,6740.0300000
BTC-USD,1,20180620,232500,6743.0000000
BTC-USD,1,20180620,232600,6743.0000000
BTC-USD,1,20180620,232700,6755.0000000
BTC-USD,1,20180620,232800,6755.0000000
BTC-USD,1,20180620,232900,6754.9900000
BTC-USD,1,20180620,233000,6752.7500000
BTC-USD,1,20180620,233100,6752.1600000
BTC-USD,1,20180620,233200,6747.1200000
BTC-USD,1,20180620,233300,6747.1200000
BTC-USD,1,20180620,233400,6747.1100000
BTC-USD,1,20180620,233500,6747.1300000
BTC-USD,1,20180620,233600,6747.1300000
BTC-USD,1,20180620,233700,6748.0000000
BTC-USD,1,20180620,233800,6747.9900000
BTC-USD,1,20180620,233900,6747.9900000
BTC-USD,1,20180620,234000,6747.9900000
BTC-USD,1,20180620,234100,6747.6200000
BTC-USD,1,20180620,234200,6746.0000000
BTC-USD,1,20180620,234300,6748.0600000
BTC-USD,1,20180620,234400,6750.0000000
BTC-USD,1,20180620,234500,6745.9900000
BTC-USD,1,20180620,234600,6748.0700000
BTC-USD,1,20180620,234700,6746.0000000
BTC-USD,1,20180620,234800,6748.0700000
BTC-USD,1,20180620,234900,6746.4000000
BTC-USD,1,20180620,235000,6748.0700000
BTC-USD,1,20180620,235100,6748.0700000
BTC-USD,1,20180620,235200,6748.0700000
BTC-USD,1,20180620,235300,6748.0700000
BTC-USD,1,20180620,235400,6748.0700000
BTC-USD,1,20180620,235500,6746.2200000
BTC-USD,1,20180620,235600,6746.2100000
BTC-USD,1,20180620,235700,6746.2200000
BTC-USD,1,20180620,235800,6746.2100000
BTC-USD,1,20180620,235900,6750.0000000
BTC-USD,1,20180621,000000,6749.9300000
BTC-USD,1,20180621,000100,6749.4800000
